m      k=2    k=4    k=6    k=8    k=10
-----  -----  -----  -----  -----  ------
max q  1583   9973   29983  29929  59971
3      3      13     43     169    71
4      7      125    343    953    3331
5      11     157    859    2809   6791
6      27     829    4339   15625  33191
7             709    4423   26153  43411
8      47     1709   18523  29929  58771
9      83     3517   29611  29881  59951
10     107    7573   29959  29833  59971
11            9437   29983  25097  57571
12     199    9949   29947  28729  58411
13     271    8837   27763  26681  23671
14     367    9973   29671  26729  56431
15     443    9629   29347  26713  46451
16     619    9533   29863  27529
17     659    9733   26371
18     971    9133   28927
19     1259   9413
20     1571
21     1579
22     1559
24     1583

